 LLYFNI2                   SWAT+ Dec 8  2020    MODULAR Rev 2020.60.5.1                                   
   jday   mon   day    yr   unit  gis_id  name                       flo          dep_wt            stor          rchrg           seep          revap         no3_st           minp           orgn           orgp         rchrgn          nloss          no3gw        seepno3        flo_cha        flo_res         flo_ls
                                                                       mm              m              mm             mm             mm             mm        kg/ha_N            kg        kg/ha_N        kg/ha_P        kg/ha_N        kg/ha_N        kg/ha_N             kg            m^3            m^3            m^3
   365    12    31  2001       1      10  aqu010                   82.918          2.966        351.699        112.416         18.250         10.939          3.302          0.000          0.000          0.000          3.448          0.000          0.791          0.172         82.918          0.000         82.918
   365    12    31  2001       2      20  aqu020                   79.523          2.969        351.556        107.797         18.250         10.939          3.635          0.000          0.000          0.000          4.000          0.000          0.754          0.189         79.523          0.000         79.523
   365    12    31  2001       3      30  aqu030                   77.058          2.972        351.410        106.533         18.250         10.939          3.543          0.000          0.000          0.000          3.360          0.000          0.785          0.184         77.058          0.000         77.058
   365    12    31  2001       4      40  aqu040                   37.994          3.015        349.234         66.140         18.250         10.939          2.268          0.000          0.000          0.000          1.921          0.000          0.246          0.119         37.994          0.000         37.994
   365    12    31  2001       5      50  aqu050                   16.969          3.020        349.010         46.896         18.250         10.939          1.168          0.000          0.000          0.000          1.083          0.000          0.055          0.061         16.969          0.000         16.969
   365    12    31  2001       6      60  aqu060                   16.407          3.052        347.410         39.869         18.250         11.306          0.974          0.000          0.000          0.000          1.149          0.000          0.027          0.051         16.407          0.000         16.407
   365    12    31  2001       7      70  aqu070                   77.784          2.966        351.713        106.426         18.250         11.306          2.495          0.000          0.000          0.000          2.500          0.000          0.524          0.130         77.784          0.000         77.784
   365    12    31  2001       8      80  aqu080                   65.757          2.975        351.225         95.035         18.250         11.306          2.506          0.000          0.000          0.000          2.410          0.000          0.437          0.131         65.757          0.000         65.757
   365    12    31  2001       9      90  aqu090                    9.503          3.063        346.864         36.232         18.250         10.939          0.866          0.000          0.000          0.000          0.701          0.000          0.018          0.046          9.503          0.000          9.503
   365    12    31  2001      10     100  aqu100                   40.157          2.990        350.521         69.461         18.250         10.477          1.224          0.000          0.000          0.000          1.121          0.000          0.141          0.064         40.157          0.000         40.157
   365    12    31  2001      11     110  aqu110                    6.081          3.080        345.985         29.880         18.250         10.939          0.713          0.000          0.000          0.000          0.561          0.000          0.010          0.038          6.081          0.000          6.081
   365    12    31  2001      12     120  aqu120                  115.484          2.958        352.105        139.430         18.250         11.006          3.814          0.000          0.000          0.000          4.001          0.000          1.216          0.198        115.484          0.000        115.484
   365    12    31  2001      13     130  aqu130                   81.726          2.962        351.911        110.376         18.250         10.477          2.165          0.000          0.000          0.000          2.191          0.000          0.509          0.113         81.726          0.000         81.726
   365    12    31  2001      14     140  aqu140                  114.662          2.947        352.647        143.094         18.250         11.006          5.048          0.000          0.000          0.000          5.331          0.000          1.607          0.262        114.662          0.000        114.662
   365    12    31  2001      15     150  aqu150                   95.487          2.948        352.590        124.545         18.250         11.006          2.665          0.000          0.000          0.000          2.674          0.000          0.710          0.138         95.487          0.000         95.487
   365    12    31  2001      16     160  aqu160                   85.733          2.967        351.626        112.638         18.250         11.006          3.025          0.000          0.000          0.000          3.033          0.000          0.717          0.157         85.733          0.000         85.733
   365    12    31  2001      17     170  aqu170                   96.549          2.962        351.901        123.935         18.250         11.306          3.098          0.000          0.000          0.000          3.155          0.000          0.805          0.161         96.549          0.000         96.549
   365    12    31  2001      18     180  aqu180                   82.116          2.966        351.710        111.952         18.250         10.939          4.362          0.000          0.000          0.000          4.787          0.000          1.012          0.227         82.116          0.000         82.116
   365    12    31  2001      19     190  aqu190                   81.772          2.970        351.509        108.937         18.250         11.306          4.221          0.000          0.000          0.000          3.813          0.000          0.954          0.220         81.772          0.000         81.772
   365    12    31  2001      20     200  aqu200                  129.995          2.952        352.392        157.717         18.250         10.939          7.271          0.000          0.000          0.000          7.463          0.000          2.712          0.378        129.995          0.000        129.995
   365    12    31  2001      21      17  aqu_deep17                0.000         19.085       2427.437         18.250          0.000          0.000          0.000          0.000          0.000          0.000          0.000          0.000          0.000          0.000          0.000          0.000          0.000
   365    12    31  2002       1      10  aqu010                  102.095          2.949        352.530        133.252         18.250         10.715          5.810          0.000          0.000          0.000          4.199          0.000          1.686          0.301        102.095          0.000        102.095
   365    12    31  2002       2      20  aqu020                   88.801          2.959        352.034        117.248         18.250         10.715          6.278          0.000          0.000          0.000          4.229          0.000          1.553          0.326         88.801          0.000         88.801
   365    12    31  2002       3      30  aqu030                   98.379          2.966        351.682        128.702         18.250         10.715          6.101          0.000          0.000          0.000          4.357          0.000          1.694          0.317         98.379          0.000         98.379
   365    12    31  2002       4      40  aqu040                   52.200          2.975        351.230         82.298         18.250         10.715          4.091          0.000          0.000          0.000          2.597          0.000          0.608          0.213         52.200          0.000         52.200
   365    12    31  2002       5      50  aqu050                   27.658          2.993        350.365         57.121         18.250         10.715          2.271          0.000          0.000          0.000          1.400          0.000          0.176          0.118         27.658          0.000         27.658
   365    12    31  2002       6      60  aqu060                    0.000          3.069        346.572         30.192         18.250         11.073          1.764          0.000          0.000          0.000          0.776          0.000          0.000          0.093          0.000          0.000          0.000
   365    12    31  2002       7      70  aqu070                   85.114          2.968        351.615        116.119         18.250         11.073          4.392          0.000          0.000          0.000          3.111          0.000          1.048          0.228         85.114          0.000         85.114
   365    12    31  2002       8      80  aqu080                   83.668          2.970        351.503        113.170         18.250         11.073          4.500          0.000          0.000          0.000          3.311          0.000          1.053          0.234         83.668          0.000         83.668
   365    12    31  2002       9      90  aqu090                   16.637          3.009        349.558         46.582         18.250         10.715          1.682          0.000          0.000          0.000          1.023          0.000          0.080          0.088         16.637          0.000         16.637
   365    12    31  2002      10     100  aqu100                   54.637          2.981        350.945         83.011         18.250         10.263          2.212          0.000          0.000          0.000          1.375          0.000          0.342          0.115         54.637          0.000         54.637
   365    12    31  2002      11     110  aqu110                    4.573          3.031        348.429         38.607         18.250         10.715          1.390          0.000          0.000          0.000          0.825          0.000          0.018          0.073          4.573          0.000          4.573
   365    12    31  2002      12     120  aqu120                  131.496          2.930        353.503        164.530         18.250         10.779          6.306          0.000          0.000          0.000          4.794          0.000          2.345          0.326        131.496          0.000        131.496
   365    12    31  2002      13     130  aqu130                   95.779          2.955        352.234        124.755         18.250         10.263          3.730          0.000          0.000          0.000          2.562          0.000          1.016          0.194         95.779          0.000         95.779
   365    12    31  2002      14     140  aqu140                  136.688          2.941        352.952        171.753         18.250         10.779          8.419          0.000          0.000          0.000          6.654          0.000          3.236          0.436        136.688          0.000        136.688
   365    12    31  2002      15     150  aqu150                  116.037          2.955        352.236        146.552         18.250         10.779          4.492          0.000          0.000          0.000          3.326          0.000          1.466          0.233        116.037          0.000        116.037
   365    12    31  2002      16     160  aqu160                  101.981          2.950        352.492        131.860         18.250         10.779          5.141          0.000          0.000          0.000          3.589          0.000          1.485          0.267        101.981          0.000        101.981
   365    12    31  2002      17     170  aqu170                  117.356          2.956        352.215        148.372         18.250         11.073          5.384          0.000          0.000          0.000          4.250          0.000          1.773          0.279        117.356          0.000        117.356
   365    12    31  2002      18     180  aqu180                   98.261          2.953        352.357        127.256         18.250         10.715          7.708          0.000          0.000          0.000          5.473          0.000          2.144          0.400         98.261          0.000         98.261
   365    12    31  2002      19     190  aqu190                   92.144          2.952        352.413        125.119         18.250         11.073          6.800          0.000          0.000          0.000          4.501          0.000          1.777          0.353         92.144          0.000         92.144
   365    12    31  2002      20     200  aqu200                  156.897          2.922        353.886        188.667         18.250         10.715         11.414          0.000          0.000          0.000          8.914          0.000          5.071          0.590        156.897          0.000        156.897
   365    12    31  2002      21      17  aqu_deep17                0.000         18.476       2445.705         18.250          0.000          0.000          0.000          0.000          0.000          0.000          0.000          0.000          0.000          0.000          0.000          0.000          0.000
   365    12    31  2003       1      10  aqu010                   88.902          2.969        351.528        117.689         18.250         11.656          7.485          0.000          0.000          0.000          3.692          0.000          1.895          0.389         88.902          0.000         88.902
   365    12    31  2003       2      20  aqu020                   74.950          2.971        351.471        104.045         18.250         11.656          8.233          0.000          0.000          0.000          3.697          0.000          1.727          0.428         74.950          0.000         74.950
   365    12    31  2003       3      30  aqu030                   83.308          2.968        351.624        112.387         18.250         11.656          7.857          0.000          0.000          0.000          3.792          0.000          1.866          0.408         83.308          0.000         83.308
   365    12    31  2003       4      40  aqu040                   40.817          2.996        350.212         70.240         18.250         11.656          5.497          0.000          0.000          0.000          2.220          0.000          0.643          0.287         40.817          0.000         40.817
   365    12    31  2003       5      50  aqu050                   20.130          3.007        349.662         49.286         18.250         11.656          3.224          0.000          0.000          0.000          1.240          0.000          0.185          0.168         20.130          0.000         20.130
   365    12    31  2003       6      60  aqu060                    2.000          3.077        346.158         30.203         18.250         12.039          2.569          0.000          0.000          0.000          0.972          0.000          0.013          0.136          2.000          0.000          2.000
   365    12    31  2003       7      70  aqu070                   76.094          2.976        351.195        104.343         18.250         12.039          5.850          0.000          0.000          0.000          2.835          0.000          1.259          0.304         76.094          0.000         76.094
   365    12    31  2003       8      80  aqu080                   71.217          2.978        351.086        100.457         18.250         12.039          6.143          0.000          0.000          0.000          2.985          0.000          1.235          0.320         71.217          0.000         71.217
   365    12    31  2003       9      90  aqu090                    7.720          3.039        348.048         38.436         18.250         11.656          2.403          0.000          0.000          0.000          0.872          0.000          0.051          0.126          7.720          0.000          7.720
   365    12    31  2003      10     100  aqu100                   44.436          2.987        350.643         74.289         18.250         11.174          2.978          0.000          0.000          0.000          1.245          0.000          0.379          0.155         44.436          0.000         44.436
   365    12    31  2003      11     110  aqu110                    4.643          3.064        346.778         31.912         18.250         11.656          1.999          0.000          0.000          0.000          0.705          0.000          0.024          0.105          4.643          0.000          4.643
   365    12    31  2003      12     120  aqu120                  121.777          2.959        352.060        149.552         18.250         11.726          7.803          0.000          0.000          0.000          4.342          0.000          2.694          0.405        121.777          0.000        121.777
   365    12    31  2003      13     130  aqu130                   87.279          2.969        351.527        115.868         18.250         11.174          4.781          0.000          0.000          0.000          2.332          0.000          1.192          0.249         87.279          0.000         87.279
   365    12    31  2003      14     140  aqu140                  127.709          2.950        352.509        153.634         18.250         11.726         10.391          0.000          0.000          0.000          5.876          0.000          3.753          0.539        127.709          0.000        127.709
   365    12    31  2003      15     150  aqu150                  105.729          2.961        351.946        134.103         18.250         11.726          5.722          0.000          0.000          0.000          3.094          0.000          1.715          0.297        105.729          0.000        105.729
   365    12    31  2003      16     160  aqu160                   91.308          2.972        351.417        119.754         18.250         11.726          6.553          0.000          0.000          0.000          3.261          0.000          1.702          0.341         91.308          0.000         91.308
   365    12    31  2003      17     170  aqu170                  104.889          2.967        351.627        133.220         18.250         12.039          7.029          0.000          0.000          0.000          3.817          0.000          2.084          0.365        104.889          0.000        104.889
   365    12    31  2003      18     180  aqu180                   86.507          2.975        351.256        114.265         18.250         11.656         10.081          0.000          0.000          0.000          4.973          0.000          2.484          0.524         86.507          0.000         86.507
   365    12    31  2003      19     190  aqu190                   84.966          2.975        351.247        112.502         18.250         12.039          8.574          0.000          0.000          0.000          4.025          0.000          2.068          0.446         84.966          0.000         84.966
   365    12    31  2003      20     200  aqu200                  143.343          2.957        352.158        172.429         18.250         11.656         13.611          0.000          0.000          0.000          7.978          0.000          5.541          0.706        143.343          0.000        143.343
   365    12    31  2003      21      17  aqu_deep17                0.000         17.868       2463.973         18.250          0.000          0.000          0.000          0.000          0.000          0.000          0.000          0.000          0.000          0.000          0.000          0.000          0.000
   366    12    31  2004       1      10  aqu010                  102.269          2.969        351.553        135.378         18.300         10.896          8.785          0.000          0.000          0.000          4.127          0.000          2.557          0.458        102.269          0.000        102.269
   366    12    31  2004       2      20  aqu020                   84.156          2.968        351.614        115.015         18.300         10.896          9.528          0.000          0.000          0.000          4.002          0.000          2.265          0.496         84.156          0.000         84.156
   366    12    31  2004       3      30  aqu030                   99.758          2.964        351.785        131.656         18.300         10.896          9.330          0.000          0.000          0.000          4.351          0.000          2.652          0.486         99.758          0.000         99.758
   366    12    31  2004       4      40  aqu040                   54.176          2.990        350.486         85.107         18.300         10.896          6.812          0.000          0.000          0.000          2.593          0.000          1.055          0.356         54.176          0.000         54.176
   366    12    31  2004       5      50  aqu050                   29.256          2.998        350.112         58.867         18.300         10.896          4.098          0.000          0.000          0.000          1.360          0.000          0.344          0.214         29.256          0.000         29.256
   366    12    31  2004       6      60  aqu060                    0.623          3.071        346.467         33.871         18.300         11.258          3.409          0.000          0.000          0.000          1.080          0.000          0.006          0.180          0.623          0.000          0.623
   366    12    31  2004       7      70  aqu070                   79.219          2.974        351.279        111.925         18.300         11.258          7.045          0.000          0.000          0.000          3.046          0.000          1.585          0.367         79.219          0.000         79.219
   366    12    31  2004       8      80  aqu080                   83.054          2.975        351.246        111.167         18.300         11.258          7.469          0.000          0.000          0.000          3.266          0.000          1.765          0.390         83.054          0.000         83.054
   366    12    31  2004       9      90  aqu090                   19.620          3.019        349.027         48.616         18.300         10.896          3.111          0.000          0.000          0.000          0.998          0.000          0.174          0.163         19.620          0.000         19.620
   366    12    31  2004      10     100  aqu100                   56.677          2.977        351.160         86.065         18.300         10.441          3.627          0.000          0.000          0.000          1.324          0.000          0.588          0.189         56.677          0.000         56.677
   366    12    31  2004      11     110  aqu110                    8.452          3.039        348.055         40.404         18.300         10.896          2.617          0.000          0.000          0.000          0.806          0.000          0.063          0.138          8.452          0.000          8.452
   366    12    31  2004      12     120  aqu120                  137.194          2.955        352.261        164.111         18.300         10.962          8.892          0.000          0.000          0.000          4.638          0.000          3.467          0.463        137.194          0.000        137.194
   366    12    31  2004      13     130  aqu130                   94.380          2.964        351.797        127.186         18.300         10.441          5.593          0.000          0.000          0.000          2.485          0.000          1.503          0.291         94.380          0.000         94.380
   366    12    31  2004      14     140  aqu140                  145.732          2.946        352.709        172.665         18.300         10.962         11.877          0.000          0.000          0.000          6.525          0.000          4.921          0.617        145.732          0.000        145.732
   366    12    31  2004      15     150  aqu150                  117.141          2.963        351.843        143.809         18.300         10.962          6.723          0.000          0.000          0.000          3.313          0.000          2.240          0.350        117.141          0.000        117.141
   366    12    31  2004      16     160  aqu160                   99.080          2.967        351.654        132.242         18.300         10.962          7.668          0.000          0.000          0.000          3.524          0.000          2.160          0.399         99.080          0.000         99.080
   366    12    31  2004      17     170  aqu170                  115.898          2.962        351.914        144.043         18.300         11.258          8.287          0.000          0.000          0.000          4.160          0.000          2.730          0.431        115.898          0.000        115.898
   366    12    31  2004      18     180  aqu180                   95.905          2.955        352.272        129.806         18.300         10.896         11.814          0.000          0.000          0.000          5.307          0.000          3.221          0.614         95.905          0.000         95.905
   366    12    31  2004      19     190  aqu190                   93.167          2.969        351.527        126.586         18.300         11.258         10.032          0.000          0.000          0.000          4.462          0.000          2.656          0.523         93.167          0.000         93.167
   366    12    31  2004      20     200  aqu200                  164.358          2.938        353.120        192.856         18.300         10.896         14.986          0.000          0.000          0.000          8.486          0.000          6.982          0.778        164.358          0.000        164.358
   366    12    31  2004      21      17  aqu_deep17                0.000         17.257       2482.284         18.300          0.000          0.000          0.000          0.000          0.000          0.000          0.000          0.000          0.000          0.000          0.000          0.000          0.000
   365    12    31  2005       1      10  aqu010                   98.909          2.958        352.095        124.607         18.250         10.924          9.467          0.000          0.000          0.000          3.697          0.000          2.667          0.491         98.909          0.000         98.909
   365    12    31  2005       2      20  aqu020                   85.656          2.970        351.476        112.641         18.250         10.924         10.594          0.000          0.000          0.000          3.972          0.000          2.565          0.551         85.656          0.000         85.656
   365    12    31  2005       3      30  aqu030                   95.174          2.956        352.180        119.628         18.250         10.924         10.030          0.000          0.000          0.000          3.737          0.000          2.727          0.520         95.174          0.000         95.174
   365    12    31  2005       4      40  aqu040                   50.540          2.989        350.571         76.959         18.250         10.924          7.658          0.000          0.000          0.000          2.216          0.000          1.113          0.399         50.540          0.000         50.540
   365    12    31  2005       5      50  aqu050                   26.043          3.003        349.826         54.784         18.250         10.924          4.778          0.000          0.000          0.000          1.216          0.000          0.358          0.249         26.043          0.000         26.043
   365    12    31  2005       6      60  aqu060                    4.480          3.049        347.544         33.608         18.250         11.285          4.317          0.000          0.000          0.000          1.169          0.000          0.052          0.227          4.480          0.000          4.480
   365    12    31  2005       7      70  aqu070                   78.095          2.963        351.875        104.747         18.250         11.285          7.814          0.000          0.000          0.000          2.671          0.000          1.733          0.406         78.095          0.000         78.095
   365    12    31  2005       8      80  aqu080                   71.472          2.965        351.743        103.661         18.250         11.285          8.347          0.000          0.000          0.000          2.873          0.000          1.695          0.433         71.472          0.000         71.472
   365    12    31  2005       9      90  aqu090                   15.411          3.029        348.555         43.804         18.250         10.924          3.669          0.000          0.000          0.000          0.865          0.000          0.163          0.192         15.411          0.000         15.411
   365    12    31  2005      10     100  aqu100                   50.698          2.982        350.914         78.030         18.250         10.470          4.089          0.000          0.000          0.000          1.226          0.000          0.594          0.213         50.698          0.000         50.698
   365    12    31  2005      11     110  aqu110                    7.880          3.044        347.778         36.106         18.250         10.924          3.119          0.000          0.000          0.000          0.700          0.000          0.070          0.164          7.880          0.000          7.880
   365    12    31  2005      12     120  aqu120                  120.011          2.943        352.827        151.345         18.250         10.990          9.382          0.000          0.000          0.000          4.101          0.000          3.198          0.486        120.011          0.000        120.011
   365    12    31  2005      13     130  aqu130                   93.675          2.960        352.021        118.078         18.250         10.470          6.051          0.000          0.000          0.000          2.280          0.000          1.615          0.314         93.675          0.000         93.675
   365    12    31  2005      14     140  aqu140                  126.649          2.940        353.013        158.219         18.250         10.990         12.455          0.000          0.000          0.000          5.592          0.000          4.483          0.645        126.649          0.000        126.649
   365    12    31  2005      15     150  aqu150                  101.119          2.948        352.575        132.981         18.250         10.990          7.248          0.000          0.000          0.000          2.934          0.000          2.085          0.376        101.119          0.000        101.119
   365    12    31  2005      16     160  aqu160                   95.376          2.949        352.555        121.403         18.250         10.990          8.333          0.000          0.000          0.000          3.167          0.000          2.257          0.432         95.376          0.000         95.376
   365    12    31  2005      17     170  aqu170                  103.807          2.952        352.408        135.822         18.250         11.285          9.000          0.000          0.000          0.000          3.695          0.000          2.654          0.467        103.807          0.000        103.807
   365    12    31  2005      18     180  aqu180                   97.866          2.957        352.165        122.402         18.250         10.924         12.800          0.000          0.000          0.000          4.824          0.000          3.560          0.664         97.866          0.000         97.866
   365    12    31  2005      19     190  aqu190                   92.062          2.954        352.320        117.995         18.250         11.285         10.836          0.000          0.000          0.000          3.935          0.000          2.838          0.562         92.062          0.000         92.062
   365    12    31  2005      20     200  aqu200                  152.149          2.947        352.636        181.339         18.250         10.924         15.331          0.000          0.000          0.000          7.748          0.000          6.630          0.795        152.149          0.000        152.149
   365    12    31  2005      21      17  aqu_deep17                0.000         16.648       2500.559         18.250          0.000          0.000          0.001          0.000          0.000          0.000          0.000          0.000          0.000          0.000          0.000          0.000          0.000
   365    12    31  2006       1      10  aqu010                   97.671          2.959        352.062        128.264         18.250         11.499          9.967          0.000          0.000          0.000          3.636          0.000          2.772          0.517         97.671          0.000         97.671
   365    12    31  2006       2      20  aqu020                   77.217          2.965        351.763        109.770         18.250         11.499         11.232          0.000          0.000          0.000          3.614          0.000          2.456          0.583         77.217          0.000         77.217
   365    12    31  2006       3      30  aqu030                   92.141          2.960        351.994        125.356         18.250         11.499         10.493          0.000          0.000          0.000          3.649          0.000          2.756          0.545         92.141          0.000         92.141
   365    12    31  2006       4      40  aqu040                   47.780          2.999        350.048         80.539         18.250         11.499          8.311          0.000          0.000          0.000          2.175          0.000          1.139          0.434         47.780          0.000         47.780
   365    12    31  2006       5      50  aqu050                   24.987          3.013        349.354         55.813         18.250         11.499          5.336          0.000          0.000          0.000          1.200          0.000          0.382          0.279         24.987          0.000         24.987
   365    12    31  2006       6      60  aqu060                    4.870          3.058        347.095         34.595         18.250         11.868          5.160          0.000          0.000          0.000          1.179          0.000          0.069          0.272          4.870          0.000          4.870
   365    12    31  2006       7      70  aqu070                   76.201          2.969        351.543        107.581         18.250         11.868          8.328          0.000          0.000          0.000          2.717          0.000          1.804          0.433         76.201          0.000         76.201
   365    12    31  2006       8      80  aqu080                   74.048          2.969        351.531        105.650         18.250         11.868          8.892          0.000          0.000          0.000          2.804          0.000          1.869          0.462         74.048          0.000         74.048
   365    12    31  2006       9      90  aqu090                   13.313          3.042        347.882         45.490         18.250         11.499          4.148          0.000          0.000          0.000          0.880          0.000          0.158          0.218         13.313          0.000         13.313
   365    12    31  2006      10     100  aqu100                   53.861          2.991        350.462         82.716         18.250         11.030          4.466          0.000          0.000          0.000          1.237          0.000          0.690          0.233         53.861          0.000         53.861
   365    12    31  2006      11     110  aqu110                    6.988          3.057        347.134         38.010         18.250         11.499          3.566          0.000          0.000          0.000          0.720          0.000          0.070          0.188          6.988          0.000          6.988
   365    12    31  2006      12     120  aqu120                  125.609          2.948        352.606        156.589         18.250         11.564          9.635          0.000          0.000          0.000          4.109          0.000          3.438          0.499        125.609          0.000        125.609
   365    12    31  2006      13     130  aqu130                   94.318          2.964        351.795        123.749         18.250         11.030          6.377          0.000          0.000          0.000          2.253          0.000          1.715          0.331         94.318          0.000         94.318
   365    12    31  2006      14     140  aqu140                  132.387          2.941        352.929        163.516         18.250         11.564         12.678          0.000          0.000          0.000          5.505          0.000          4.769          0.656        132.387          0.000        132.387
   365    12    31  2006      15     150  aqu150                  109.255          2.952        352.395        139.271         18.250         11.564          7.575          0.000          0.000          0.000          2.986          0.000          2.353          0.393        109.255          0.000        109.255
   365    12    31  2006      16     160  aqu160                   96.952          2.961        351.949        127.121         18.250         11.564          8.757          0.000          0.000          0.000          3.184          0.000          2.416          0.455         96.952          0.000         96.952
   365    12    31  2006      17     170  aqu170                  107.384          2.953        352.345        138.567         18.250         11.868          9.390          0.000          0.000          0.000          3.659          0.000          2.864          0.487        107.384          0.000        107.384
   365    12    31  2006      18     180  aqu180                   91.351          2.967        351.649        121.756         18.250         11.499         13.370          0.000          0.000          0.000          4.615          0.000          3.479          0.695         91.351          0.000         91.351
   365    12    31  2006      19     190  aqu190                   89.508          2.967        351.635        120.695         18.250         11.868         11.311          0.000          0.000          0.000          3.838          0.000          2.884          0.588         89.508          0.000         89.508
   365    12    31  2006      20     200  aqu200                  149.251          2.925        353.736        181.513         18.250         11.499         15.530          0.000          0.000          0.000          7.439          0.000          6.568          0.802        149.251          0.000        149.251
   365    12    31  2006      21      17  aqu_deep17                0.000         16.039       2518.826         18.250          0.000          0.000          0.001          0.000          0.000          0.000          0.000          0.000          0.000          0.000          0.000          0.000          0.000
   365    12    31  2007       1      10  aqu010                  102.291          2.957        352.144        134.772         18.250         11.747         10.132          0.000          0.000          0.000          3.395          0.000          2.947          0.526        102.291          0.000        102.291
   365    12    31  2007       2      20  aqu020                   88.223          2.965        351.761        115.732         18.250         11.747         11.560          0.000          0.000          0.000          3.557          0.000          2.894          0.600         88.223          0.000         88.223
   365    12    31  2007       3      30  aqu030                   98.684          2.956        352.196        130.285         18.250         11.747         10.629          0.000          0.000          0.000          3.405          0.000          2.983          0.551         98.684          0.000         98.684
   365    12    31  2007       4      40  aqu040                   53.830          2.979        351.049         82.998         18.250         11.747          8.771          0.000          0.000          0.000          2.003          0.000          1.344          0.456         53.830          0.000         53.830
   365    12    31  2007       5      50  aqu050                   26.839          2.996        350.185         56.336         18.250         11.747          5.798          0.000          0.000          0.000          1.098          0.000          0.443          0.302         26.839          0.000         26.839
   365    12    31  2007       6      60  aqu060                    5.647          3.056        347.178         35.281         18.250         12.141          6.062          0.000          0.000          0.000          1.245          0.000          0.093          0.319          5.647          0.000          5.647
   365    12    31  2007       7      70  aqu070                   86.718          2.965        351.731        117.561         18.250         12.141          8.737          0.000          0.000          0.000          2.880          0.000          2.152          0.454         86.718          0.000         86.718
   365    12    31  2007       8      80  aqu080                   85.169          2.966        351.681        114.458         18.250         12.141          9.273          0.000          0.000          0.000          2.964          0.000          2.243          0.482         85.169          0.000         85.169
   365    12    31  2007       9      90  aqu090                   17.265          3.010        349.515         45.322         18.250         11.747          4.592          0.000          0.000          0.000          0.773          0.000          0.225          0.240         17.265          0.000         17.265
   365    12    31  2007      10     100  aqu100                   52.402          2.979        351.045         83.829         18.250         11.256          4.701          0.000          0.000          0.000          1.101          0.000          0.702          0.245         52.402          0.000         52.402
   365    12    31  2007      11     110  aqu110                    8.241          3.038        348.100         37.511         18.250         11.747          3.986          0.000          0.000          0.000          0.624          0.000          0.092          0.209          8.241          0.000          8.241
   365    12    31  2007      12     120  aqu120                  132.698          2.943        352.842        166.962         18.250         11.822          9.635          0.000          0.000          0.000          4.019          0.000          3.629          0.499        132.698          0.000        132.698
   365    12    31  2007      13     130  aqu130                   93.975          2.962        351.908        126.869         18.250         11.256          6.475          0.000          0.000          0.000          2.054          0.000          1.731          0.336         93.975          0.000         93.975
   365    12    31  2007      14     140  aqu140                  148.362          2.945        352.771        175.684         18.250         11.822         12.525          0.000          0.000          0.000          5.344          0.000          5.277          0.649        148.362          0.000        148.362
   365    12    31  2007      15     150  aqu150                  118.078          2.961        351.973        146.768         18.250         11.822          7.702          0.000          0.000          0.000          2.867          0.000          2.583          0.400        118.078          0.000        118.078
   365    12    31  2007      16     160  aqu160                   99.660          2.959        352.037        132.417         18.250         11.822          8.917          0.000          0.000          0.000          3.017          0.000          2.525          0.463         99.660          0.000         99.660
   365    12    31  2007      17     170  aqu170                  121.631          2.960        351.987        149.224         18.250         12.141          9.570          0.000          0.000          0.000          3.740          0.000          3.308          0.497        121.631          0.000        121.631
   365    12    31  2007      18     180  aqu180                   93.989          2.959        352.048        126.899         18.250         11.747         13.616          0.000          0.000          0.000          4.539          0.000          3.637          0.707         93.989          0.000         93.989
   365    12    31  2007      19     190  aqu190                   94.827          2.961        351.967        128.306         18.250         12.141         11.575          0.000          0.000          0.000          3.868          0.000          3.119          0.601         94.827          0.000         94.827
   365    12    31  2007      20     200  aqu200                  160.658          2.931        353.474        190.184         18.250         11.747         15.353          0.000          0.000          0.000          7.385          0.000          6.989          0.794        160.658          0.000        160.658
   365    12    31  2007      21      17  aqu_deep17                0.000         15.430       2537.094         18.250          0.000          0.000          0.001          0.000          0.000          0.000          0.000          0.000          0.000          0.000          0.000          0.000          0.000
   366    12    31  2008       1      10  aqu010                  122.679          2.942        352.916        149.784         18.300         11.372         10.016          0.000          0.000          0.000          3.748          0.000          3.484          0.520        122.679          0.000        122.679
   366    12    31  2008       2      20  aqu020                  100.320          2.957        352.143        130.621         18.300         11.372         11.756          0.000          0.000          0.000          4.265          0.000          3.345          0.612        100.320          0.000        100.320
   366    12    31  2008       3      30  aqu030                  121.455          2.939        353.039        148.538         18.300         11.372         10.493          0.000          0.000          0.000          3.822          0.000          3.612          0.545        121.455          0.000        121.455
   366    12    31  2008       4      40  aqu040                   70.039          2.974        351.297         97.314         18.300         11.372          8.968          0.000          0.000          0.000          2.290          0.000          1.791          0.468         70.039          0.000         70.039
   366    12    31  2008       5      50  aqu050                   36.043          2.992        350.421         65.587         18.300         11.372          6.121          0.000          0.000          0.000          1.177          0.000          0.631          0.320         36.043          0.000         36.043
   366    12    31  2008       6      60  aqu060                    2.020          3.050        347.489         36.526         18.300         11.757          6.719          0.000          0.000          0.000          1.078          0.000          0.038          0.354          2.020          0.000          2.020
   366    12    31  2008       7      70  aqu070                   97.016          2.957        352.142        126.726         18.300         11.757          8.804          0.000          0.000          0.000          2.741          0.000          2.425          0.458         97.016          0.000         97.016
   366    12    31  2008       8      80  aqu080                   95.768          2.963        351.839        127.736         18.300         11.757          9.382          0.000          0.000          0.000          2.994          0.000          2.553          0.488         95.768          0.000         95.768
   366    12    31  2008       9      90  aqu090                   26.344          3.008        349.604         56.005         18.300         11.372          4.910          0.000          0.000          0.000          0.885          0.000          0.372          0.257         26.344          0.000         26.344
   366    12    31  2008      10     100  aqu100                   69.091          2.973        351.360         96.001         18.300         10.890          4.812          0.000          0.000          0.000          1.204          0.000          0.948          0.251         69.091          0.000         69.091
   366    12    31  2008      11     110  aqu110                   17.200          3.019        349.073         46.477         18.300         11.372          4.319          0.000          0.000          0.000          0.722          0.000          0.214          0.227         17.200          0.000         17.200
   366    12    31  2008      12     120  aqu120                  154.643          2.925        353.764        181.379         18.300         11.444          9.359          0.000          0.000          0.000          4.080          0.000          4.093          0.485        154.643          0.000        154.643
   366    12    31  2008      13     130  aqu130                  112.900          2.951        352.462        138.972         18.300         10.890          6.397          0.000          0.000          0.000          2.195          0.000          2.050          0.332        112.900          0.000        112.900
   366    12    31  2008      14     140  aqu140                  162.735          2.942        352.894        191.381         18.300         11.444         12.035          0.000          0.000          0.000          5.587          0.000          5.554          0.625        162.735          0.000        162.735
   366    12    31  2008      15     150  aqu150                  127.581          2.947        352.632        159.726         18.300         11.444          7.535          0.000          0.000          0.000          2.902          0.000          2.724          0.391        127.581          0.000        127.581
   366    12    31  2008      16     160  aqu160                  115.177          2.952        352.394        145.066         18.300         11.444          8.814          0.000          0.000          0.000          3.128          0.000          2.882          0.458        115.177          0.000        115.177
   366    12    31  2008      17     170  aqu170                  127.484          2.954        352.280        162.820         18.300         11.757          9.428          0.000          0.000          0.000          3.725          0.000          3.413          0.490        127.484          0.000        127.484
   366    12    31  2008      18     180  aqu180                  108.710          2.957        352.159        139.581         18.300         11.372         13.563          0.000          0.000          0.000          4.620          0.000          4.190          0.705        108.710          0.000        108.710
   366    12    31  2008      19     190  aqu190                  112.351          2.954        352.300        142.568         18.300         11.757         11.520          0.000          0.000          0.000          4.093          0.000          3.678          0.599        112.351          0.000        112.351
   366    12    31  2008      20     200  aqu200                  175.872          2.915        354.249        208.614         18.300         11.372         14.966          0.000          0.000          0.000          7.787          0.000          7.436          0.774        175.872          0.000        175.872
   366    12    31  2008      21      17  aqu_deep17                0.000         14.820       2555.406         18.300          0.000          0.000          0.001          0.000          0.000          0.000          0.000          0.000          0.000          0.000          0.000          0.000          0.000
   365    12    31  2009       1      10  aqu010                  102.135          2.961        351.974        132.676         18.250         11.527          9.779          0.000          0.000          0.000          3.309          0.000          2.842          0.508        102.135          0.000        102.135
   365    12    31  2009       2      20  aqu020                   89.492          2.967        351.650        118.724         18.250         11.527         11.911          0.000          0.000          0.000          3.694          0.000          3.028          0.619         89.492          0.000         89.492
   365    12    31  2009       3      30  aqu030                   97.669          2.963        351.857        128.220         18.250         11.527         10.191          0.000          0.000          0.000          3.357          0.000          2.836          0.529         97.669          0.000         97.669
   365    12    31  2009       4      40  aqu040                   53.233          2.984        350.804         83.200         18.250         11.527          9.017          0.000          0.000          0.000          2.014          0.000          1.374          0.469         53.233          0.000         53.233
   365    12    31  2009       5      50  aqu050                   28.131          2.996        350.212         57.433         18.250         11.527          6.321          0.000          0.000          0.000          1.038          0.000          0.511          0.330         28.131          0.000         28.131
   365    12    31  2009       6      60  aqu060                    6.207          3.056        347.223         33.485         18.250         11.912          7.434          0.000          0.000          0.000          1.194          0.000          0.126          0.391          6.207          0.000          6.207
   365    12    31  2009       7      70  aqu070                   83.256          2.972        351.378        112.615         18.250         11.912          8.641          0.000          0.000          0.000          2.413          0.000          2.049          0.449         83.256          0.000         83.256
   365    12    31  2009       8      80  aqu080                   81.420          2.958        352.109        111.018         18.250         11.912          9.295          0.000          0.000          0.000          2.614          0.000          2.149          0.482         81.420          0.000         81.420
   365    12    31  2009       9      90  aqu090                   17.594          3.009        349.554         46.873         18.250         11.527          5.126          0.000          0.000          0.000          0.746          0.000          0.261          0.268         17.594          0.000         17.594
   365    12    31  2009      10     100  aqu100                   50.638          2.978        351.087         80.589         18.250         11.042          4.868          0.000          0.000          0.000          1.075          0.000          0.706          0.253         50.638          0.000         50.638
   365    12    31  2009      11     110  aqu110                    8.446          3.043        347.829         38.563         18.250         11.527          4.550          0.000          0.000          0.000          0.607          0.000          0.112          0.239          8.446          0.000          8.446
   365    12    31  2009      12     120  aqu120                  130.086          2.938        353.082        161.839         18.250         11.597          9.049          0.000          0.000          0.000          3.744          0.000          3.337          0.468        130.086          0.000        130.086
   365    12    31  2009      13     130  aqu130                   91.051          2.964        351.812        121.038         18.250         11.042          6.311          0.000          0.000          0.000          2.023          0.000          1.636          0.328         91.051          0.000         91.051
   365    12    31  2009      14     140  aqu140                  134.244          2.927        353.636        169.740         18.250         11.597         11.629          0.000          0.000          0.000          5.054          0.000          4.420          0.601        134.244          0.000        134.244
   365    12    31  2009      15     150  aqu150                  114.596          2.957        352.158        144.767         18.250         11.597          7.313          0.000          0.000          0.000          2.698          0.000          2.381          0.379        114.596          0.000        114.596
   365    12    31  2009      16     160  aqu160                  101.411          2.960        352.015        128.977         18.250         11.597          8.680          0.000          0.000          0.000          2.914          0.000          2.503          0.450        101.411          0.000        101.411
   365    12    31  2009      17     170  aqu170                  122.108          2.946        352.684        146.996         18.250         11.912          9.144          0.000          0.000          0.000          3.339          0.000          3.168          0.474        122.108          0.000        122.108
   365    12    31  2009      18     180  aqu180                  100.324          2.959        352.054        127.646         18.250         11.527         13.348          0.000          0.000          0.000          4.299          0.000          3.805          0.693        100.324          0.000        100.324
   365    12    31  2009      19     190  aqu190                   94.547          2.950        352.496        124.336         18.250         11.912         11.444          0.000          0.000          0.000          3.767          0.000          3.072          0.593         94.547          0.000         94.547
   365    12    31  2009      20     200  aqu200                  159.425          2.925        353.739        189.751         18.250         11.527         14.695          0.000          0.000          0.000          7.501          0.000          6.632          0.759        159.425          0.000        159.425
   365    12    31  2009      21      17  aqu_deep17                0.000         14.211       2573.680         18.250          0.000          0.000          0.001          0.000          0.000          0.000          0.000          0.000          0.000          0.000          0.000          0.000          0.000
   365    12    31  2010       1      10  aqu010                   89.013          2.964        351.785        117.427         18.250         11.704          9.765          0.000          0.000          0.000          2.918          0.000          2.476          0.507         89.013          0.000         89.013
   365    12    31  2010       2      20  aqu020                   77.573          2.970        351.476        106.748         18.250         11.704         11.984          0.000          0.000          0.000          3.254          0.000          2.640          0.623         77.573          0.000         77.573
   365    12    31  2010       3      30  aqu030                   83.838          2.965        351.774        111.661         18.250         11.704         10.191          0.000          0.000          0.000          2.868          0.000          2.435          0.529         83.838          0.000         83.838
   365    12    31  2010       4      40  aqu040                   38.953          2.995        350.274         69.684         18.250         11.704          9.196          0.000          0.000          0.000          1.718          0.000          1.026          0.479         38.953          0.000         38.953
   365    12    31  2010       5      50  aqu050                   18.340          3.005        349.763         47.992         18.250         11.704          6.511          0.000          0.000          0.000          0.887          0.000          0.342          0.340         18.340          0.000         18.340
   365    12    31  2010       6      60  aqu060                    2.430          3.071        346.472         29.842         18.250         12.103          8.082          0.000          0.000          0.000          1.041          0.000          0.055          0.426          2.430          0.000          2.430
   365    12    31  2010       7      70  aqu070                   76.782          2.973        351.335        106.605         18.250         12.103          8.658          0.000          0.000          0.000          2.402          0.000          1.892          0.450         76.782          0.000         76.782
   365    12    31  2010       8      80  aqu080                   76.302          2.974        351.279        102.948         18.250         12.103          9.303          0.000          0.000          0.000          2.468          0.000          2.020          0.484         76.302          0.000         76.302
   365    12    31  2010       9      90  aqu090                    6.490          3.038        348.117         36.464         18.250         11.704          5.327          0.000          0.000          0.000          0.611          0.000          0.099          0.279          6.490          0.000          6.490
   365    12    31  2010      10     100  aqu100                   40.940          2.989        350.534         69.713         18.250         11.203          4.963          0.000          0.000          0.000          0.934          0.000          0.582          0.259         40.940          0.000         40.940
   365    12    31  2010      11     110  aqu110                    1.796          3.059        347.044         29.943         18.250         11.704          4.786          0.000          0.000          0.000          0.496          0.000          0.024          0.252          1.796          0.000          1.796
   365    12    31  2010      12     120  aqu120                  125.405          2.942        352.890        149.837         18.250         11.778          8.969          0.000          0.000          0.000          3.461          0.000          3.189          0.464        125.405          0.000        125.405
   365    12    31  2010      13     130  aqu130                   80.327          2.968        351.615        109.592         18.250         11.203          6.354          0.000          0.000          0.000          1.799          0.000          1.454          0.330         80.327          0.000         80.327
   365    12    31  2010      14     140  aqu140                  129.981          2.938        353.088        155.284         18.250         11.778         11.498          0.000          0.000          0.000          4.560          0.000          4.240          0.595        129.981          0.000        129.981
   365    12    31  2010      15     150  aqu150                  105.817          2.952        352.390        135.595         18.250         11.778          7.275          0.000          0.000          0.000          2.500          0.000          2.185          0.377        105.817          0.000        105.817
   365    12    31  2010      16     160  aqu160                   88.662          2.965        351.750        118.272         18.250         11.778          8.707          0.000          0.000          0.000          2.680          0.000          2.196          0.452         88.662          0.000         88.662
   365    12    31  2010      17     170  aqu170                  107.765          2.950        352.475        137.900         18.250         12.103          9.027          0.000          0.000          0.000          3.155          0.000          2.762          0.468        107.765          0.000        107.765
   365    12    31  2010      18     180  aqu180                   84.878          2.968        351.587        115.223         18.250         11.704         13.254          0.000          0.000          0.000          3.925          0.000          3.202          0.689         84.878          0.000         84.878
   365    12    31  2010      19     190  aqu190                   85.274          2.969        351.545        112.917         18.250         12.103         11.541          0.000          0.000          0.000          3.440          0.000          2.802          0.600         85.274          0.000         85.274
   365    12    31  2010      20     200  aqu200                  145.384          2.933        353.356        173.758         18.250         11.704         14.766          0.000          0.000          0.000          6.874          0.000          6.083          0.764        145.384          0.000        145.384
   365    12    31  2010      21      17  aqu_deep17                0.000         13.602       2591.948         18.250          0.000          0.000          0.002          0.000          0.000          0.000          0.000          0.000          0.000          0.000          0.000          0.000          0.000
