 LLYFNI2                   SWAT+ Dec 8  2020    MODULAR Rev 2020.60.5.1                                   
       year     plant_no   plant_name       harv_area(ha)    yld(t)         yld(t/ha)      
        2000           1 rnge              0.0000000E+00  0.0000000E+00  0.0000000E+00
        2000           2 rngb              0.0000000E+00  0.0000000E+00  0.0000000E+00
        2000           3 past              0.0000000E+00  0.0000000E+00  0.0000000E+00
        2000           4 watr              0.0000000E+00  0.0000000E+00  0.0000000E+00
        2001           1 rnge              0.0000000E+00  0.0000000E+00  0.0000000E+00
        2001           2 rngb              0.0000000E+00  0.0000000E+00  0.0000000E+00
        2001           3 past              0.0000000E+00  0.0000000E+00  0.0000000E+00
        2001           4 watr              0.0000000E+00  0.0000000E+00  0.0000000E+00
        2002           1 rnge              0.0000000E+00  0.0000000E+00  0.0000000E+00
        2002           2 rngb              0.0000000E+00  0.0000000E+00  0.0000000E+00
        2002           3 past              0.0000000E+00  0.0000000E+00  0.0000000E+00
        2002           4 watr              0.0000000E+00  0.0000000E+00  0.0000000E+00
        2003           1 rnge              0.0000000E+00  0.0000000E+00  0.0000000E+00
        2003           2 rngb              0.0000000E+00  0.0000000E+00  0.0000000E+00
        2003           3 past              0.0000000E+00  0.0000000E+00  0.0000000E+00
        2003           4 watr              0.0000000E+00  0.0000000E+00  0.0000000E+00
        2004           1 rnge              0.0000000E+00  0.0000000E+00  0.0000000E+00
        2004           2 rngb              0.0000000E+00  0.0000000E+00  0.0000000E+00
        2004           3 past              0.0000000E+00  0.0000000E+00  0.0000000E+00
        2004           4 watr              0.0000000E+00  0.0000000E+00  0.0000000E+00
        2005           1 rnge              0.0000000E+00  0.0000000E+00  0.0000000E+00
        2005           2 rngb              0.0000000E+00  0.0000000E+00  0.0000000E+00
        2005           3 past              0.0000000E+00  0.0000000E+00  0.0000000E+00
        2005           4 watr              0.0000000E+00  0.0000000E+00  0.0000000E+00
        2006           1 rnge              0.0000000E+00  0.0000000E+00  0.0000000E+00
        2006           2 rngb              0.0000000E+00  0.0000000E+00  0.0000000E+00
        2006           3 past              0.0000000E+00  0.0000000E+00  0.0000000E+00
        2006           4 watr              0.0000000E+00  0.0000000E+00  0.0000000E+00
        2007           1 rnge              0.0000000E+00  0.0000000E+00  0.0000000E+00
        2007           2 rngb              0.0000000E+00  0.0000000E+00  0.0000000E+00
        2007           3 past              0.0000000E+00  0.0000000E+00  0.0000000E+00
        2007           4 watr              0.0000000E+00  0.0000000E+00  0.0000000E+00
        2008           1 rnge              0.0000000E+00  0.0000000E+00  0.0000000E+00
        2008           2 rngb              0.0000000E+00  0.0000000E+00  0.0000000E+00
        2008           3 past              0.0000000E+00  0.0000000E+00  0.0000000E+00
        2008           4 watr              0.0000000E+00  0.0000000E+00  0.0000000E+00
        2009           1 rnge              0.0000000E+00  0.0000000E+00  0.0000000E+00
        2009           2 rngb              0.0000000E+00  0.0000000E+00  0.0000000E+00
        2009           3 past              0.0000000E+00  0.0000000E+00  0.0000000E+00
        2009           4 watr              0.0000000E+00  0.0000000E+00  0.0000000E+00
        2010           1 rnge              0.0000000E+00  0.0000000E+00  0.0000000E+00
        2010           2 rngb              0.0000000E+00  0.0000000E+00  0.0000000E+00
        2010           3 past              0.0000000E+00  0.0000000E+00  0.0000000E+00
        2010           4 watr              0.0000000E+00  0.0000000E+00  0.0000000E+00
