 LLYFNI2                  
  SWAT+ Dec 8  2020    MODULAR Rev 2020.60.5.1                                  
  
                                                                            --YIELD (kg/ha)--
  jday   mon   day    yr    unit PLANTNM                         MASS          C           N           P
   365    12    31  2010       1    rnge                        0.000       0.000       0.000       0.000
   365    12    31  2010       2    rnge                        0.000       0.000       0.000       0.000
   365    12    31  2010       3    rnge                        0.000       0.000       0.000       0.000
   365    12    31  2010       4    rnge                        0.000       0.000       0.000       0.000
   365    12    31  2010       5    rnge                        0.000       0.000       0.000       0.000
   365    12    31  2010       6    rnge                        0.000       0.000       0.000       0.000
   365    12    31  2010       7    rngb                        0.000       0.000       0.000       0.000
   365    12    31  2010       8    rngb                        0.000       0.000       0.000       0.000
   365    12    31  2010       9    rnge                        0.000       0.000       0.000       0.000
   365    12    31  2010      10    rnge                        0.000       0.000       0.000       0.000
   365    12    31  2010      11    rnge                        0.000       0.000       0.000       0.000
   365    12    31  2010      12    rngb                        0.000       0.000       0.000       0.000
   365    12    31  2010      13    rngb                        0.000       0.000       0.000       0.000
   365    12    31  2010      14    rnge                        0.000       0.000       0.000       0.000
   365    12    31  2010      15    rnge                        0.000       0.000       0.000       0.000
   365    12    31  2010      16    rngb                        0.000       0.000       0.000       0.000
   365    12    31  2010      17    rngb                        0.000       0.000       0.000       0.000
   365    12    31  2010      18    rngb                        0.000       0.000       0.000       0.000
   365    12    31  2010      19    rngb                        0.000       0.000       0.000       0.000
   365    12    31  2010      20    rngb                        0.000       0.000       0.000       0.000
   365    12    31  2010      21    rngb                        0.000       0.000       0.000       0.000
   365    12    31  2010      22    rngb                        0.000       0.000       0.000       0.000
   365    12    31  2010      23    rnge                        0.000       0.000       0.000       0.000
   365    12    31  2010      24    rnge                        0.000       0.000       0.000       0.000
   365    12    31  2010      25    rngb                        0.000       0.000       0.000       0.000
   365    12    31  2010      26    rngb                        0.000       0.000       0.000       0.000
   365    12    31  2010      27    rngb                        0.000       0.000       0.000       0.000
   365    12    31  2010      28    rnge                        0.000       0.000       0.000       0.000
   365    12    31  2010      29    rnge                        0.000       0.000       0.000       0.000
   365    12    31  2010      30    rnge                        0.000       0.000       0.000       0.000
   365    12    31  2010      31    rnge                        0.000       0.000       0.000       0.000
   365    12    31  2010      32    rngb                        0.000       0.000       0.000       0.000
   365    12    31  2010      33    rngb                        0.000       0.000       0.000       0.000
   365    12    31  2010      34    rnge                        0.000       0.000       0.000       0.000
   365    12    31  2010      35    rnge                        0.000       0.000       0.000       0.000
   365    12    31  2010      40    rnge                        0.000       0.000       0.000       0.000
   365    12    31  2010      43    rnge                        0.000       0.000       0.000       0.000
   365    12    31  2010      44    rnge                        0.000       0.000       0.000       0.000
   365    12    31  2010      45    rnge                        0.000       0.000       0.000       0.000
   365    12    31  2010      46    rnge                        0.000       0.000       0.000       0.000
   365    12    31  2010      47    rnge                        0.000       0.000       0.000       0.000
   365    12    31  2010      48    rnge                        0.000       0.000       0.000       0.000
   365    12    31  2010      49    rnge                        0.000       0.000       0.000       0.000
   365    12    31  2010      50    rnge                        0.000       0.000       0.000       0.000
   365    12    31  2010      51    rnge                        0.000       0.000       0.000       0.000
   365    12    31  2010      54    rngb                        0.000       0.000       0.000       0.000
   365    12    31  2010      55    rngb                        0.000       0.000       0.000       0.000
   365    12    31  2010      56    rnge                        0.000       0.000       0.000       0.000
   365    12    31  2010      57    rngb                        0.000       0.000       0.000       0.000
   365    12    31  2010      58    rngb                        0.000       0.000       0.000       0.000
   365    12    31  2010      63    rngb                        0.000       0.000       0.000       0.000
   365    12    31  2010      82    past                        0.000       0.000       0.000       0.000
   365    12    31  2010      83    past                        0.000       0.000       0.000       0.000
   365    12    31  2010      90    rngb                        0.000       0.000       0.000       0.000
   365    12    31  2010      91    rngb                        0.000       0.000       0.000       0.000
   365    12    31  2010      92    rnge                        0.000       0.000       0.000       0.000
   365    12    31  2010      93    rnge                        0.000       0.000       0.000       0.000
   365    12    31  2010      94    rngb                        0.000       0.000       0.000       0.000
   365    12    31  2010      95    rnge                        0.000       0.000       0.000       0.000
   365    12    31  2010      96    rnge                        0.000       0.000       0.000       0.000
   365    12    31  2010      97    rnge                        0.000       0.000       0.000       0.000
   365    12    31  2010      98    rnge                        0.000       0.000       0.000       0.000
   365    12    31  2010      99    past                        0.000       0.000       0.000       0.000
   365    12    31  2010     100    past                        0.000       0.000       0.000       0.000
   365    12    31  2010     101    rnge                        0.000       0.000       0.000       0.000
   365    12    31  2010     102    rnge                        0.000       0.000       0.000       0.000
   365    12    31  2010     103    rnge                        0.000       0.000       0.000       0.000
   365    12    31  2010     104    rnge                        0.000       0.000       0.000       0.000
   365    12    31  2010     105    past                        0.000       0.000       0.000       0.000
   365    12    31  2010     106    past                        0.000       0.000       0.000       0.000
   365    12    31  2010     107    past                        0.000       0.000       0.000       0.000
   365    12    31  2010     108    past                        0.000       0.000       0.000       0.000
   365    12    31  2010     109    past                        0.000       0.000       0.000       0.000
   365    12    31  2010     111    rnge                        0.000       0.000       0.000       0.000
   365    12    31  2010     112    rngb                        0.000       0.000       0.000       0.000
   365    12    31  2010     113    rngb                        0.000       0.000       0.000       0.000
   365    12    31  2010     114    rnge                        0.000       0.000       0.000       0.000
   365    12    31  2010     115    rngb                        0.000       0.000       0.000       0.000
   365    12    31  2010     116    rngb                        0.000       0.000       0.000       0.000
   365    12    31  2010     117    rnge                        0.000       0.000       0.000       0.000
   365    12    31  2010     118    rngb                        0.000       0.000       0.000       0.000
   365    12    31  2010     119    rngb                        0.000       0.000       0.000       0.000
   365    12    31  2010     120    rngb                        0.000       0.000       0.000       0.000
   365    12    31  2010     121    rngb                        0.000       0.000       0.000       0.000
   365    12    31  2010     122    rngb                        0.000       0.000       0.000       0.000
   365    12    31  2010     123    rngb                        0.000       0.000       0.000       0.000
   365    12    31  2010     126    rngb                        0.000       0.000       0.000       0.000
   365    12    31  2010     127    past                        0.000       0.000       0.000       0.000
   365    12    31  2010     150    past                        0.000       0.000       0.000       0.000
   365    12    31  2010     151    past                        0.000       0.000       0.000       0.000
   365    12    31  2010     152    past                        0.000       0.000       0.000       0.000
   365    12    31  2010     153    past                        0.000       0.000       0.000       0.000
   365    12    31  2010     156    past                        0.000       0.000       0.000       0.000
   365    12    31  2010     157    past                        0.000       0.000       0.000       0.000
   365    12    31  2010     158    past                        0.000       0.000       0.000       0.000
   365    12    31  2010     159    past                        0.000       0.000       0.000       0.000
   365    12    31  2010     160    past                        0.000       0.000       0.000       0.000
   365    12    31  2010     161    past                        0.000       0.000       0.000       0.000
   365    12    31  2010     162    past                        0.000       0.000       0.000       0.000
   365    12    31  2010     163    past                        0.000       0.000       0.000       0.000
   365    12    31  2010     164    past                        0.000       0.000       0.000       0.000
   365    12    31  2010     165    past                        0.000       0.000       0.000       0.000
   365    12    31  2010     166    past                        0.000       0.000       0.000       0.000
   365    12    31  2010     167    past                        0.000       0.000       0.000       0.000
   365    12    31  2010     168    past                        0.000       0.000       0.000       0.000
   365    12    31  2010     169    past                        0.000       0.000       0.000       0.000
   365    12    31  2010     170    past                        0.000       0.000       0.000       0.000
   365    12    31  2010     174    past                        0.000       0.000       0.000       0.000
   365    12    31  2010     175    past                        0.000       0.000       0.000       0.000
   365    12    31  2010     176    past                        0.000       0.000       0.000       0.000
   365    12    31  2010     177    past                        0.000       0.000       0.000       0.000
   365    12    31  2010     178    past                        0.000       0.000       0.000       0.000
   365    12    31  2010     179    past                        0.000       0.000       0.000       0.000
   365    12    31  2010     180    past                        0.000       0.000       0.000       0.000
   365    12    31  2010     181    past                        0.000       0.000       0.000       0.000
   365    12    31  2010     182    past                        0.000       0.000       0.000       0.000
   365    12    31  2010     183    past                        0.000       0.000       0.000       0.000
   365    12    31  2010     184    past                        0.000       0.000       0.000       0.000
   365    12    31  2010     185    past                        0.000       0.000       0.000       0.000
   365    12    31  2010     186    past                        0.000       0.000       0.000       0.000
   365    12    31  2010     187    past                        0.000       0.000       0.000       0.000
   365    12    31  2010     188    past                        0.000       0.000       0.000       0.000
   365    12    31  2010     189    past                        0.000       0.000       0.000       0.000
   365    12    31  2010     190    past                        0.000       0.000       0.000       0.000
   365    12    31  2010     191    past                        0.000       0.000       0.000       0.000
   365    12    31  2010     192    past                        0.000       0.000       0.000       0.000
   365    12    31  2010     193    past                        0.000       0.000       0.000       0.000
   365    12    31  2010     194    past                        0.000       0.000       0.000       0.000
   365    12    31  2010     195    past                        0.000       0.000       0.000       0.000
   365    12    31  2010     196    past                        0.000       0.000       0.000       0.000
   365    12    31  2010     197    rnge                        0.000       0.000       0.000       0.000
   365    12    31  2010     198    rnge                        0.000       0.000       0.000       0.000
   365    12    31  2010     199    rngb                        0.000       0.000       0.000       0.000
   365    12    31  2010     200    rngb                        0.000       0.000       0.000       0.000
   365    12    31  2010     201    rngb                        0.000       0.000       0.000       0.000
   365    12    31  2010     203    rngb                        0.000       0.000       0.000       0.000
   365    12    31  2010     204    rngb                        0.000       0.000       0.000       0.000
   365    12    31  2010     205    rngb                        0.000       0.000       0.000       0.000
   365    12    31  2010     206    rngb                        0.000       0.000       0.000       0.000
   365    12    31  2010     207    rngb                        0.000       0.000       0.000       0.000
   365    12    31  2010     208    rngb                        0.000       0.000       0.000       0.000
   365    12    31  2010     209    rnge                        0.000       0.000       0.000       0.000
   365    12    31  2010     210    rnge                        0.000       0.000       0.000       0.000
   365    12    31  2010     211    rnge                        0.000       0.000       0.000       0.000
   365    12    31  2010     212    rngb                        0.000       0.000       0.000       0.000
   365    12    31  2010     213    rnge                        0.000       0.000       0.000       0.000
   365    12    31  2010     214    rngb                        0.000       0.000       0.000       0.000
   365    12    31  2010     215    rngb                        0.000       0.000       0.000       0.000
   365    12    31  2010     216    rnge                        0.000       0.000       0.000       0.000
   365    12    31  2010     217    rnge                        0.000       0.000       0.000       0.000
   365    12    31  2010     218    rngb                        0.000       0.000       0.000       0.000
   365    12    31  2010     219    rngb                        0.000       0.000       0.000       0.000
   365    12    31  2010     220    rngb                        0.000       0.000       0.000       0.000
   365    12    31  2010     221    rngb                        0.000       0.000       0.000       0.000
   365    12    31  2010     222    rngb                        0.000       0.000       0.000       0.000
   365    12    31  2010     223    rnge                        0.000       0.000       0.000       0.000
   365    12    31  2010     224    rngb                        0.000       0.000       0.000       0.000
   365    12    31  2010     225    rnge                        0.000       0.000       0.000       0.000
   365    12    31  2010     226    rnge                        0.000       0.000       0.000       0.000
   365    12    31  2010     227    rngb                        0.000       0.000       0.000       0.000
   365    12    31  2010     228    rnge                        0.000       0.000       0.000       0.000
   365    12    31  2010     229    rngb                        0.000       0.000       0.000       0.000
   365    12    31  2010     230    rngb                        0.000       0.000       0.000       0.000
   365    12    31  2010     231    past                        0.000       0.000       0.000       0.000
   365    12    31  2010     232    past                        0.000       0.000       0.000       0.000
   365    12    31  2010     233    past                        0.000       0.000       0.000       0.000
   365    12    31  2010     234    past                        0.000       0.000       0.000       0.000
   365    12    31  2010     235    past                        0.000       0.000       0.000       0.000
   365    12    31  2010     236    past                        0.000       0.000       0.000       0.000
   365    12    31  2010     237    past                        0.000       0.000       0.000       0.000
   365    12    31  2010     238    past                        0.000       0.000       0.000       0.000
   365    12    31  2010     239    past                        0.000       0.000       0.000       0.000
   365    12    31  2010     240    past                        0.000       0.000       0.000       0.000
   365    12    31  2010     241    past                        0.000       0.000       0.000       0.000
   365    12    31  2010     242    past                        0.000       0.000       0.000       0.000
   365    12    31  2010     243    past                        0.000       0.000       0.000       0.000
   365    12    31  2010     244    past                        0.000       0.000       0.000       0.000
   365    12    31  2010     245    past                        0.000       0.000       0.000       0.000
   365    12    31  2010     246    past                        0.000       0.000       0.000       0.000
   365    12    31  2010     247    past                        0.000       0.000       0.000       0.000
   365    12    31  2010     248    past                        0.000       0.000       0.000       0.000
   365    12    31  2010     249    past                        0.000       0.000       0.000       0.000
   365    12    31  2010     250    past                        0.000       0.000       0.000       0.000
   365    12    31  2010     251    past                        0.000       0.000       0.000       0.000
   365    12    31  2010     252    past                        0.000       0.000       0.000       0.000
   365    12    31  2010     253    past                        0.000       0.000       0.000       0.000
   365    12    31  2010     254    past                        0.000       0.000       0.000       0.000
   365    12    31  2010     255    past                        0.000       0.000       0.000       0.000
   365    12    31  2010     256    past                        0.000       0.000       0.000       0.000
   365    12    31  2010     257    past                        0.000       0.000       0.000       0.000
   365    12    31  2010     258    past                        0.000       0.000       0.000       0.000
   365    12    31  2010     259    rnge                        0.000       0.000       0.000       0.000
   365    12    31  2010     260    rnge                        0.000       0.000       0.000       0.000
   365    12    31  2010     261    rnge                        0.000       0.000       0.000       0.000
   365    12    31  2010     262    rnge                        0.000       0.000       0.000       0.000
   365    12    31  2010     263    rnge                        0.000       0.000       0.000       0.000
   365    12    31  2010     264    rnge                        0.000       0.000       0.000       0.000
   365    12    31  2010     265    rnge                        0.000       0.000       0.000       0.000
   365    12    31  2010     266    rnge                        0.000       0.000       0.000       0.000
   365    12    31  2010     267    rnge                        0.000       0.000       0.000       0.000
   365    12    31  2010     268    rnge                        0.000       0.000       0.000       0.000
   365    12    31  2010     269    rnge                        0.000       0.000       0.000       0.000
   365    12    31  2010     270    rnge                        0.000       0.000       0.000       0.000
   365    12    31  2010     271    past                        0.000       0.000       0.000       0.000
   365    12    31  2010     272    rnge                        0.000       0.000       0.000       0.000
   365    12    31  2010     273    rnge                        0.000       0.000       0.000       0.000
   365    12    31  2010     274    rnge                        0.000       0.000       0.000       0.000
   365    12    31  2010     275    rnge                        0.000       0.000       0.000       0.000
   365    12    31  2010     276    rnge                        0.000       0.000       0.000       0.000
   365    12    31  2010     277    rnge                        0.000       0.000       0.000       0.000
   365    12    31  2010     278    rnge                        0.000       0.000       0.000       0.000
   365    12    31  2010     279    rnge                        0.000       0.000       0.000       0.000
   365    12    31  2010     280    past                        0.000       0.000       0.000       0.000
   365    12    31  2010     281    rnge                        0.000       0.000       0.000       0.000
   365    12    31  2010     282    rnge                        0.000       0.000       0.000       0.000
   365    12    31  2010     283    rnge                        0.000       0.000       0.000       0.000
   365    12    31  2010     284    rnge                        0.000       0.000       0.000       0.000
   365    12    31  2010     285    rngb                        0.000       0.000       0.000       0.000
   365    12    31  2010     286    rnge                        0.000       0.000       0.000       0.000
   365    12    31  2010     287    rnge                        0.000       0.000       0.000       0.000
   365    12    31  2010     288    rnge                        0.000       0.000       0.000       0.000
   365    12    31  2010     289    rnge                        0.000       0.000       0.000       0.000
   365    12    31  2010     290    rngb                        0.000       0.000       0.000       0.000
   365    12    31  2010     291    rnge                        0.000       0.000       0.000       0.000
   365    12    31  2010     292    rnge                        0.000       0.000       0.000       0.000
   365    12    31  2010     293    rnge                        0.000       0.000       0.000       0.000
   365    12    31  2010     294    rnge                        0.000       0.000       0.000       0.000
   365    12    31  2010     295    rngb                        0.000       0.000       0.000       0.000
   365    12    31  2010     297    rnge                        0.000       0.000       0.000       0.000
   365    12    31  2010     298    rnge                        0.000       0.000       0.000       0.000
   365    12    31  2010     299    rnge                        0.000       0.000       0.000       0.000
   365    12    31  2010     300    rnge                        0.000       0.000       0.000       0.000
   365    12    31  2010     301    rngb                        0.000       0.000       0.000       0.000
   365    12    31  2010     302    rngb                        0.000       0.000       0.000       0.000
   365    12    31  2010     303    past                        0.000       0.000       0.000       0.000
   365    12    31  2010     304    past                        0.000       0.000       0.000       0.000
   365    12    31  2010     305    past                        0.000       0.000       0.000       0.000
   365    12    31  2010     306    past                        0.000       0.000       0.000       0.000
   365    12    31  2010     307    past                        0.000       0.000       0.000       0.000
   365    12    31  2010     308    rnge                        0.000       0.000       0.000       0.000
   365    12    31  2010     309    rnge                        0.000       0.000       0.000       0.000
   365    12    31  2010     310    rnge                        0.000       0.000       0.000       0.000
   365    12    31  2010     311    rnge                        0.000       0.000       0.000       0.000
   365    12    31  2010     312    rnge                        0.000       0.000       0.000       0.000
   365    12    31  2010     313    rnge                        0.000       0.000       0.000       0.000
   365    12    31  2010     314    rnge                        0.000       0.000       0.000       0.000
   365    12    31  2010     315    rngb                        0.000       0.000       0.000       0.000
   365    12    31  2010     316    rngb                        0.000       0.000       0.000       0.000
   365    12    31  2010     317    rngb                        0.000       0.000       0.000       0.000
   365    12    31  2010     318    rngb                        0.000       0.000       0.000       0.000
   365    12    31  2010     319    rngb                        0.000       0.000       0.000       0.000
   365    12    31  2010     320    rngb                        0.000       0.000       0.000       0.000
   365    12    31  2010     321    rngb                        0.000       0.000       0.000       0.000
   365    12    31  2010     322    rngb                        0.000       0.000       0.000       0.000
   365    12    31  2010     323    rngb                        0.000       0.000       0.000       0.000
   365    12    31  2010     324    rngb                        0.000       0.000       0.000       0.000
   365    12    31  2010     325    rngb                        0.000       0.000       0.000       0.000
   365    12    31  2010     326    rnge                        0.000       0.000       0.000       0.000
   365    12    31  2010     327    rnge                        0.000       0.000       0.000       0.000
   365    12    31  2010     328    rngb                        0.000       0.000       0.000       0.000
   365    12    31  2010     329    rngb                        0.000       0.000       0.000       0.000
   365    12    31  2010     330    rngb                        0.000       0.000       0.000       0.000
   365    12    31  2010     331    rngb                        0.000       0.000       0.000       0.000
   365    12    31  2010     333    rngb                        0.000       0.000       0.000       0.000
   365    12    31  2010     334    rngb                        0.000       0.000       0.000       0.000
   365    12    31  2010     337    past                        0.000       0.000       0.000       0.000
   365    12    31  2010     338    past                        0.000       0.000       0.000       0.000
   365    12    31  2010     339    past                        0.000       0.000       0.000       0.000
   365    12    31  2010     340    past                        0.000       0.000       0.000       0.000
   365    12    31  2010     341    past                        0.000       0.000       0.000       0.000
   365    12    31  2010     342    past                        0.000       0.000       0.000       0.000
   365    12    31  2010     343    past                        0.000       0.000       0.000       0.000
   365    12    31  2010     344    rnge                        0.000       0.000       0.000       0.000
   365    12    31  2010     345    rnge                        0.000       0.000       0.000       0.000
   365    12    31  2010     346    past                        0.000       0.000       0.000       0.000
   365    12    31  2010     347    past                        0.000       0.000       0.000       0.000
   365    12    31  2010     348    rnge                        0.000       0.000       0.000       0.000
   365    12    31  2010     349    rnge                        0.000       0.000       0.000       0.000
   365    12    31  2010     350    rnge                        0.000       0.000       0.000       0.000
   365    12    31  2010     351    rnge                        0.000       0.000       0.000       0.000
   365    12    31  2010     352    rnge                        0.000       0.000       0.000       0.000
   365    12    31  2010     353    rnge                        0.000       0.000       0.000       0.000
   365    12    31  2010     354    past                        0.000       0.000       0.000       0.000
   365    12    31  2010     355    past                        0.000       0.000       0.000       0.000
   365    12    31  2010     356    past                        0.000       0.000       0.000       0.000
   365    12    31  2010     357    past                        0.000       0.000       0.000       0.000
   365    12    31  2010     358    past                        0.000       0.000       0.000       0.000
   365    12    31  2010     359    past                        0.000       0.000       0.000       0.000
   365    12    31  2010     360    past                        0.000       0.000       0.000       0.000
   365    12    31  2010     361    past                        0.000       0.000       0.000       0.000
   365    12    31  2010     362    past                        0.000       0.000       0.000       0.000
   365    12    31  2010     363    past                        0.000       0.000       0.000       0.000
   365    12    31  2010     364    past                        0.000       0.000       0.000       0.000
   365    12    31  2010     365    past                        0.000       0.000       0.000       0.000
   365    12    31  2010     366    past                        0.000       0.000       0.000       0.000
   365    12    31  2010     367    past                        0.000       0.000       0.000       0.000
   365    12    31  2010     368    past                        0.000       0.000       0.000       0.000
   365    12    31  2010     369    past                        0.000       0.000       0.000       0.000
   365    12    31  2010     370    past                        0.000       0.000       0.000       0.000
   365    12    31  2010     371    past                        0.000       0.000       0.000       0.000
   365    12    31  2010     372    past                        0.000       0.000       0.000       0.000
   365    12    31  2010     373    past                        0.000       0.000       0.000       0.000
   365    12    31  2010     374    past                        0.000       0.000       0.000       0.000
   365    12    31  2010     375    past                        0.000       0.000       0.000       0.000
   365    12    31  2010     376    past                        0.000       0.000       0.000       0.000
   365    12    31  2010     377    past                        0.000       0.000       0.000       0.000
   365    12    31  2010     378    past                        0.000       0.000       0.000       0.000
   365    12    31  2010     379    past                        0.000       0.000       0.000       0.000
   365    12    31  2010     380    past                        0.000       0.000       0.000       0.000
   365    12    31  2010     381    past                        0.000       0.000       0.000       0.000
   365    12    31  2010     382    past                        0.000       0.000       0.000       0.000
   365    12    31  2010     383    past                        0.000       0.000       0.000       0.000
   365    12    31  2010     384    past                        0.000       0.000       0.000       0.000
   365    12    31  2010     385    past                        0.000       0.000       0.000       0.000
   365    12    31  2010     386    past                        0.000       0.000       0.000       0.000
   365    12    31  2010     387    past                        0.000       0.000       0.000       0.000
   365    12    31  2010     388    past                        0.000       0.000       0.000       0.000
   365    12    31  2010     389    past                        0.000       0.000       0.000       0.000
   365    12    31  2010     390    past                        0.000       0.000       0.000       0.000
   365    12    31  2010     391    past                        0.000       0.000       0.000       0.000
   365    12    31  2010     392    past                        0.000       0.000       0.000       0.000
   365    12    31  2010     393    past                        0.000       0.000       0.000       0.000
   365    12    31  2010     394    past                        0.000       0.000       0.000       0.000
   365    12    31  2010     395    past                        0.000       0.000       0.000       0.000
   365    12    31  2010     396    past                        0.000       0.000       0.000       0.000
   365    12    31  2010     397    past                        0.000       0.000       0.000       0.000
   365    12    31  2010     398    past                        0.000       0.000       0.000       0.000
   365    12    31  2010     399    past                        0.000       0.000       0.000       0.000
   365    12    31  2010     400    past                        0.000       0.000       0.000       0.000
   365    12    31  2010     401    past                        0.000       0.000       0.000       0.000
   365    12    31  2010     402    past                        0.000       0.000       0.000       0.000
   365    12    31  2010     403    past                        0.000       0.000       0.000       0.000
   365    12    31  2010     404    past                        0.000       0.000       0.000       0.000
   365    12    31  2010     405    past                        0.000       0.000       0.000       0.000
   365    12    31  2010     406    past                        0.000       0.000       0.000       0.000
   365    12    31  2010     407    past                        0.000       0.000       0.000       0.000
   365    12    31  2010     408    past                        0.000       0.000       0.000       0.000
   365    12    31  2010     409    past                        0.000       0.000       0.000       0.000
   365    12    31  2010     410    past                        0.000       0.000       0.000       0.000
   365    12    31  2010     411    past                        0.000       0.000       0.000       0.000
   365    12    31  2010     412    past                        0.000       0.000       0.000       0.000
   365    12    31  2010     413    past                        0.000       0.000       0.000       0.000
   365    12    31  2010     414    past                        0.000       0.000       0.000       0.000
   365    12    31  2010     415    past                        0.000       0.000       0.000       0.000
   365    12    31  2010     416    past                        0.000       0.000       0.000       0.000
   365    12    31  2010     417    past                        0.000       0.000       0.000       0.000
   365    12    31  2010     418    past                        0.000       0.000       0.000       0.000
   365    12    31  2010     419    past                        0.000       0.000       0.000       0.000
   365    12    31  2010     420    past                        0.000       0.000       0.000       0.000
   365    12    31  2010     421    past                        0.000       0.000       0.000       0.000
   365    12    31  2010     422    past                        0.000       0.000       0.000       0.000
   365    12    31  2010     423    past                        0.000       0.000       0.000       0.000
   365    12    31  2010     424    past                        0.000       0.000       0.000       0.000
   365    12    31  2010     425    past                        0.000       0.000       0.000       0.000
   365    12    31  2010     426    past                        0.000       0.000       0.000       0.000
   365    12    31  2010     427    past                        0.000       0.000       0.000       0.000
   365    12    31  2010     428    past                        0.000       0.000       0.000       0.000
   365    12    31  2010     429    past                        0.000       0.000       0.000       0.000
   365    12    31  2010     430    past                        0.000       0.000       0.000       0.000
   365    12    31  2010     431    past                        0.000       0.000       0.000       0.000
   365    12    31  2010     432    rnge                        0.000       0.000       0.000       0.000
   365    12    31  2010     433    rnge                        0.000       0.000       0.000       0.000
   365    12    31  2010     434    rnge                        0.000       0.000       0.000       0.000
   365    12    31  2010     435    rnge                        0.000       0.000       0.000       0.000
   365    12    31  2010     436    rnge                        0.000       0.000       0.000       0.000
   365    12    31  2010     437    rnge                        0.000       0.000       0.000       0.000
   365    12    31  2010     438    rnge                        0.000       0.000       0.000       0.000
   365    12    31  2010     439    rnge                        0.000       0.000       0.000       0.000
   365    12    31  2010     440    rnge                        0.000       0.000       0.000       0.000
   365    12    31  2010     441    rnge                        0.000       0.000       0.000       0.000
   365    12    31  2010     442    rnge                        0.000       0.000       0.000       0.000
   365    12    31  2010     443    rnge                        0.000       0.000       0.000       0.000
   365    12    31  2010     444    rnge                        0.000       0.000       0.000       0.000
   365    12    31  2010     445    rnge                        0.000       0.000       0.000       0.000
   365    12    31  2010     446    past                        0.000       0.000       0.000       0.000
   365    12    31  2010     447    rnge                        0.000       0.000       0.000       0.000
   365    12    31  2010     448    rnge                        0.000       0.000       0.000       0.000
   365    12    31  2010     449    rnge                        0.000       0.000       0.000       0.000
   365    12    31  2010     450    rnge                        0.000       0.000       0.000       0.000
   365    12    31  2010     451    rnge                        0.000       0.000       0.000       0.000
   365    12    31  2010     452    past                        0.000       0.000       0.000       0.000
   365    12    31  2010     453    past                        0.000       0.000       0.000       0.000
   365    12    31  2010     454    past                        0.000       0.000       0.000       0.000
   365    12    31  2010     455    past                        0.000       0.000       0.000       0.000
   365    12    31  2010     456    rnge                        0.000       0.000       0.000       0.000
   365    12    31  2010     457    rnge                        0.000       0.000       0.000       0.000
   365    12    31  2010     458    rngb                        0.000       0.000       0.000       0.000
   365    12    31  2010     459    rngb                        0.000       0.000       0.000       0.000
   365    12    31  2010     460    rnge                        0.000       0.000       0.000       0.000
   365    12    31  2010     461    rnge                        0.000       0.000       0.000       0.000
   365    12    31  2010     462    rngb                        0.000       0.000       0.000       0.000
   365    12    31  2010     463    rngb                        0.000       0.000       0.000       0.000
   365    12    31  2010     464    rngb                        0.000       0.000       0.000       0.000
   365    12    31  2010     465    rngb                        0.000       0.000       0.000       0.000
   365    12    31  2010     466    rngb                        0.000       0.000       0.000       0.000
   365    12    31  2010     467    rngb                        0.000       0.000       0.000       0.000
   365    12    31  2010     468    rngb                        0.000       0.000       0.000       0.000
   365    12    31  2010     470    rngb                        0.000       0.000       0.000       0.000
   365    12    31  2010     471    rngb                        0.000       0.000       0.000       0.000
   365    12    31  2010     472    rngb                        0.000       0.000       0.000       0.000
   365    12    31  2010     474    rngb                        0.000       0.000       0.000       0.000
   365    12    31  2010     475    rngb                        0.000       0.000       0.000       0.000
   365    12    31  2010     476    rngb                        0.000       0.000       0.000       0.000
   365    12    31  2010     477    rngb                        0.000       0.000       0.000       0.000
   365    12    31  2010     478    rngb                        0.000       0.000       0.000       0.000
   365    12    31  2010     479    rngb                        0.000       0.000       0.000       0.000
   365    12    31  2010     480    rngb                        0.000       0.000       0.000       0.000
   365    12    31  2010     481    rngb                        0.000       0.000       0.000       0.000
   365    12    31  2010     482    rngb                        0.000       0.000       0.000       0.000
   365    12    31  2010     483    rngb                        0.000       0.000       0.000       0.000
   365    12    31  2010     484    rngb                        0.000       0.000       0.000       0.000
   365    12    31  2010     485    past                        0.000       0.000       0.000       0.000
   365    12    31  2010     486    past                        0.000       0.000       0.000       0.000
   365    12    31  2010     487    past                        0.000       0.000       0.000       0.000
   365    12    31  2010     488    past                        0.000       0.000       0.000       0.000
   365    12    31  2010     489    past                        0.000       0.000       0.000       0.000
   365    12    31  2010     490    past                        0.000       0.000       0.000       0.000
   365    12    31  2010     491    past                        0.000       0.000       0.000       0.000
   365    12    31  2010     492    past                        0.000       0.000       0.000       0.000
   365    12    31  2010     493    past                        0.000       0.000       0.000       0.000
   365    12    31  2010     494    past                        0.000       0.000       0.000       0.000
   365    12    31  2010     495    past                        0.000       0.000       0.000       0.000
   365    12    31  2010     496    past                        0.000       0.000       0.000       0.000
   365    12    31  2010     497    past                        0.000       0.000       0.000       0.000
   365    12    31  2010     498    past                        0.000       0.000       0.000       0.000
   365    12    31  2010     499    past                        0.000       0.000       0.000       0.000
   365    12    31  2010     500    past                        0.000       0.000       0.000       0.000
   365    12    31  2010     501    past                        0.000       0.000       0.000       0.000
   365    12    31  2010     502    past                        0.000       0.000       0.000       0.000
   365    12    31  2010     503    past                        0.000       0.000       0.000       0.000
   365    12    31  2010     504    past                        0.000       0.000       0.000       0.000
   365    12    31  2010     505    past                        0.000       0.000       0.000       0.000
   365    12    31  2010     506    past                        0.000       0.000       0.000       0.000
   365    12    31  2010     507    past                        0.000       0.000       0.000       0.000
   365    12    31  2010     508    past                        0.000       0.000       0.000       0.000
   365    12    31  2010     509    past                        0.000       0.000       0.000       0.000
   365    12    31  2010     510    past                        0.000       0.000       0.000       0.000
   365    12    31  2010     511    past                        0.000       0.000       0.000       0.000
   365    12    31  2010     512    past                        0.000       0.000       0.000       0.000
   365    12    31  2010     513    past                        0.000       0.000       0.000       0.000
   365    12    31  2010     514    past                        0.000       0.000       0.000       0.000
   365    12    31  2010     515    past                        0.000       0.000       0.000       0.000
   365    12    31  2010     516    past                        0.000       0.000       0.000       0.000
   365    12    31  2010     517    past                        0.000       0.000       0.000       0.000
   365    12    31  2010     518    past                        0.000       0.000       0.000       0.000
   365    12    31  2010     519    past                        0.000       0.000       0.000       0.000
   365    12    31  2010     520    past                        0.000       0.000       0.000       0.000
   365    12    31  2010     521    past                        0.000       0.000       0.000       0.000
   365    12    31  2010     522    past                        0.000       0.000       0.000       0.000
   365    12    31  2010     523    past                        0.000       0.000       0.000       0.000
   365    12    31  2010     524    past                        0.000       0.000       0.000       0.000
   365    12    31  2010     525    past                        0.000       0.000       0.000       0.000
   365    12    31  2010     526    past                        0.000       0.000       0.000       0.000
   365    12    31  2010     527    past                        0.000       0.000       0.000       0.000
   365    12    31  2010     528    past                        0.000       0.000       0.000       0.000
   365    12    31  2010     529    rnge                        0.000       0.000       0.000       0.000
   365    12    31  2010     530    rnge                        0.000       0.000       0.000       0.000
   365    12    31  2010     531    rnge                        0.000       0.000       0.000       0.000
   365    12    31  2010     532    rnge                        0.000       0.000       0.000       0.000
   365    12    31  2010     533    rnge                        0.000       0.000       0.000       0.000
   365    12    31  2010     534    rnge                        0.000       0.000       0.000       0.000
   365    12    31  2010     535    rnge                        0.000       0.000       0.000       0.000
   365    12    31  2010     536    past                        0.000       0.000       0.000       0.000
   365    12    31  2010     537    past                        0.000       0.000       0.000       0.000
   365    12    31  2010     538    rnge                        0.000       0.000       0.000       0.000
   365    12    31  2010     539    rnge                        0.000       0.000       0.000       0.000
   365    12    31  2010     540    rngb                        0.000       0.000       0.000       0.000
   365    12    31  2010     541    rnge                        0.000       0.000       0.000       0.000
   365    12    31  2010     542    rnge                        0.000       0.000       0.000       0.000
   365    12    31  2010     543    rnge                        0.000       0.000       0.000       0.000
   365    12    31  2010     544    rnge                        0.000       0.000       0.000       0.000
   365    12    31  2010     545    rngb                        0.000       0.000       0.000       0.000
   365    12    31  2010     546    rnge                        0.000       0.000       0.000       0.000
   365    12    31  2010     547    rnge                        0.000       0.000       0.000       0.000
   365    12    31  2010     548    rnge                        0.000       0.000       0.000       0.000
   365    12    31  2010     549    rnge                        0.000       0.000       0.000       0.000
   365    12    31  2010     550    rngb                        0.000       0.000       0.000       0.000
   365    12    31  2010     551    rnge                        0.000       0.000       0.000       0.000
   365    12    31  2010     552    rngb                        0.000       0.000       0.000       0.000
   365    12    31  2010     553    rnge                        0.000       0.000       0.000       0.000
   365    12    31  2010     554    rnge                        0.000       0.000       0.000       0.000
   365    12    31  2010     555    rnge                        0.000       0.000       0.000       0.000
   365    12    31  2010     556    rngb                        0.000       0.000       0.000       0.000
   365    12    31  2010     557    rngb                        0.000       0.000       0.000       0.000
   365    12    31  2010     558    rngb                        0.000       0.000       0.000       0.000
   365    12    31  2010     559    rngb                        0.000       0.000       0.000       0.000
   365    12    31  2010     560    past                        0.000       0.000       0.000       0.000
   365    12    31  2010     561    past                        0.000       0.000       0.000       0.000
   365    12    31  2010     562    past                        0.000       0.000       0.000       0.000
   365    12    31  2010     563    past                        0.000       0.000       0.000       0.000
   365    12    31  2010     567    past                        0.000       0.000       0.000       0.000
   365    12    31  2010     568    past                        0.000       0.000       0.000       0.000
   365    12    31  2010     572    past                        0.000       0.000       0.000       0.000
   365    12    31  2010     575    past                        0.000       0.000       0.000       0.000
   365    12    31  2010     576    past                        0.000       0.000       0.000       0.000
   365    12    31  2010     577    past                        0.000       0.000       0.000       0.000
   365    12    31  2010     580    past                        0.000       0.000       0.000       0.000
   365    12    31  2010     581    past                        0.000       0.000       0.000       0.000
   365    12    31  2010     582    past                        0.000       0.000       0.000       0.000
   365    12    31  2010     583    past                        0.000       0.000       0.000       0.000
   365    12    31  2010     584    past                        0.000       0.000       0.000       0.000
   365    12    31  2010     585    past                        0.000       0.000       0.000       0.000
   365    12    31  2010     586    past                        0.000       0.000       0.000       0.000
   365    12    31  2010     587    past                        0.000       0.000       0.000       0.000
   365    12    31  2010     588    past                        0.000       0.000       0.000       0.000
   365    12    31  2010     589    past                        0.000       0.000       0.000       0.000
   365    12    31  2010     590    past                        0.000       0.000       0.000       0.000
   365    12    31  2010     591    past                        0.000       0.000       0.000       0.000
   365    12    31  2010     594    past                        0.000       0.000       0.000       0.000
   365    12    31  2010     595    past                        0.000       0.000       0.000       0.000
   365    12    31  2010     596    past                        0.000       0.000       0.000       0.000
   365    12    31  2010     597    past                        0.000       0.000       0.000       0.000
   365    12    31  2010     602    past                        0.000       0.000       0.000       0.000
   365    12    31  2010     603    past                        0.000       0.000       0.000       0.000
   365    12    31  2010     604    past                        0.000       0.000       0.000       0.000
   365    12    31  2010     605    past                        0.000       0.000       0.000       0.000
   365    12    31  2010     606    past                        0.000       0.000       0.000       0.000
   365    12    31  2010     607    past                        0.000       0.000       0.000       0.000
   365    12    31  2010     608    past                        0.000       0.000       0.000       0.000
   365    12    31  2010     609    rnge                        0.000       0.000       0.000       0.000
   365    12    31  2010     610    past                        0.000       0.000       0.000       0.000
   365    12    31  2010     611    past                        0.000       0.000       0.000       0.000
   365    12    31  2010     612    rnge                        0.000       0.000       0.000       0.000
   365    12    31  2010     613    past                        0.000       0.000       0.000       0.000
   365    12    31  2010     614    past                        0.000       0.000       0.000       0.000
   365    12    31  2010     615    rnge                        0.000       0.000       0.000       0.000
   365    12    31  2010     616    past                        0.000       0.000       0.000       0.000
   365    12    31  2010     617    past                        0.000       0.000       0.000       0.000
   365    12    31  2010     618    rnge                        0.000       0.000       0.000       0.000
   365    12    31  2010     619    rnge                        0.000       0.000       0.000       0.000
   365    12    31  2010     620    rnge                        0.000       0.000       0.000       0.000
   365    12    31  2010     621    rnge                        0.000       0.000       0.000       0.000
   365    12    31  2010     622    rnge                        0.000       0.000       0.000       0.000
   365    12    31  2010     623    rnge                        0.000       0.000       0.000       0.000
   365    12    31  2010     624    rnge                        0.000       0.000       0.000       0.000
   365    12    31  2010     625    rnge                        0.000       0.000       0.000       0.000
   365    12    31  2010     626    rnge                        0.000       0.000       0.000       0.000
   365    12    31  2010     627    rnge                        0.000       0.000       0.000       0.000
   365    12    31  2010     628    rnge                        0.000       0.000       0.000       0.000
   365    12    31  2010     629    rnge                        0.000       0.000       0.000       0.000
   365    12    31  2010     630    past                        0.000       0.000       0.000       0.000
   365    12    31  2010     631    past                        0.000       0.000       0.000       0.000
   365    12    31  2010     632    past                        0.000       0.000       0.000       0.000
   365    12    31  2010     633    rnge                        0.000       0.000       0.000       0.000
   365    12    31  2010     634    rnge                        0.000       0.000       0.000       0.000
   365    12    31  2010     635    rnge                        0.000       0.000       0.000       0.000
   365    12    31  2010     636    rnge                        0.000       0.000       0.000       0.000
   365    12    31  2010     637    past                        0.000       0.000       0.000       0.000
   365    12    31  2010     638    past                        0.000       0.000       0.000       0.000
   365    12    31  2010     639    past                        0.000       0.000       0.000       0.000
   365    12    31  2010     640    watr                        0.000       0.000       0.000       0.000
   365    12    31  2010     641    rngb                        0.000       0.000       0.000       0.000
   365    12    31  2010     642    past                        0.000       0.000       0.000       0.000
   365    12    31  2010     643    past                        0.000       0.000       0.000       0.000
   365    12    31  2010     644    watr                        0.000       0.000       0.000       0.000
   365    12    31  2010     645    past                        0.000       0.000       0.000       0.000
   365    12    31  2010     646    past                        0.000       0.000       0.000       0.000
   365    12    31  2010     647    past                        0.000       0.000       0.000       0.000
   365    12    31  2010     648    past                        0.000       0.000       0.000       0.000
   365    12    31  2010     649    past                        0.000       0.000       0.000       0.000
   365    12    31  2010     650    watr                        0.000       0.000       0.000       0.000
   365    12    31  2010     651    rngb                        0.000       0.000       0.000       0.000
   365    12    31  2010     652    watr                        0.000       0.000       0.000       0.000
   365    12    31  2010     653    rnge                        0.000       0.000       0.000       0.000
   365    12    31  2010     654    rnge                        0.000       0.000       0.000       0.000
   365    12    31  2010     655    rnge                        0.000       0.000       0.000       0.000
   365    12    31  2010     656    watr                        0.000       0.000       0.000       0.000
   365    12    31  2010     657    rnge                        0.000       0.000       0.000       0.000
   365    12    31  2010     658    rngb                        0.000       0.000       0.000       0.000
   365    12    31  2010     659    past                        0.000       0.000       0.000       0.000
   365    12    31  2010     660    past                        0.000       0.000       0.000       0.000
   365    12    31  2010     661    past                        0.000       0.000       0.000       0.000
   365    12    31  2010     662    past                        0.000       0.000       0.000       0.000
   365    12    31  2010     663    past                        0.000       0.000       0.000       0.000
   365    12    31  2010     664    past                        0.000       0.000       0.000       0.000
   365    12    31  2010     665    rngb                        0.000       0.000       0.000       0.000
   365    12    31  2010     666    rngb                        0.000       0.000       0.000       0.000
   365    12    31  2010     667    rngb                        0.000       0.000       0.000       0.000
   365    12    31  2010     668    rngb                        0.000       0.000       0.000       0.000
   365    12    31  2010     669    rnge                        0.000       0.000       0.000       0.000
   365    12    31  2010     670    rnge                        0.000       0.000       0.000       0.000
   365    12    31  2010     671    past                        0.000       0.000       0.000       0.000
   365    12    31  2010     672    rngb                        0.000       0.000       0.000       0.000
